							************************
									 ./results/M1_final_s.txt
							************************

Filename is ./results/M1_final_s.txt.

This file contains primary output for SIENA project <<./results/M1_final_s>>.

Date and time: 09/11/2024 15:17:53 

RSiena version 1.4.7 (20 02 2024)


@1
Data input.
===========

2 observations,
282 actors,
1 dependent network variables,
0 dependent bipartite variables,
0 dependent discrete behavior variables,
0 dependent continuous behavior variables,
0 constant actor covariates,
0 exogenous changing actor covariates,
0 constant dyadic covariates,
0 exogenous changing dyadic covariates,
0 no files with times of composition change.


@2
Reading network variables.
--------------------------

Name of network variable: net_M0.
oneMode network.
For observation moment 1, degree distributions are as follows:
Nodes
  1   2   3   4   5   6   7   8   9  10  11  12  13  14  15 
 16  17  18  19  20  21  22  23  24  25  26  27  28  29  30 
 31  32  33  34  35  36  37  38  39  40  41  42  43  44  45 
 46  47  48  49  50  51  52  53  54  55  56  57  58  59  60 
 61  62  63  64  65  66  67  68  69  70  71  72  73  74  75 
 76  77  78  79  80  81  82  83  84  85  86  87  88  89  90 
 91  92  93  94  95  96  97  98  99 100 101 102 103 104 105 
106 107 108 109 110 111 112 113 114 115 116 117 118 119 120 
121 122 123 124 125 126 127 128 129 130 131 132 133 134 135 
136 137 138 139 140 141 142 143 144 145 146 147 148 149 150 
151 152 153 154 155 156 157 158 159 160 161 162 163 164 165 
166 167 168 169 170 171 172 173 174 175 176 177 178 179 180 
181 182 183 184 185 186 187 188 189 190 191 192 193 194 195 
196 197 198 199 200 201 202 203 204 205 206 207 208 209 210 
211 212 213 214 215 216 217 218 219 220 221 222 223 224 225 
226 227 228 229 230 231 232 233 234 235 236 237 238 239 240 
241 242 243 244 245 246 247 248 249 250 251 252 253 254 255 
256 257 258 259 260 261 262 263 264 265 266 267 268 269 270 
271 272 273 274 275 276 277 278 279 280 281 282
out-degrees
  0   0   1   0   0   1   3   0   0   2   3   2   1   0   0 
  2   3   4   1   4   2   0   4   0   3   0   0   0   0   0 
  0   0   0   0   0   0   0   1   0   3   1   2   0   2   1 
  0   2   0   0   0   0   1   0   0   2   0   1   0   0   0 
  0   0   0   0   0   0   1   0   0   0   0   0   0   0   0 
  2   0   0   0   2   0   0   0   0   1   0   0   0   0   0 
  0   0   0   0   0   0   0   1   0   0   0   0   1   0   0 
  0   0   0   1   2   0   0   0   0   5   0   0   0   2   0 
  0   0   0   0   0   0   0   0   0   1   0   0   0   0   0 
  0   0   0   0   0   0   0   0   0   1   1   0   0   0   0 
  0   0   2   0   0   0   2   0   0   0   0   1   0   2   1 
  4   6   0   0   0   0   0   0   2   0   1   3   0   0   0 
  0   0   1   0   2   2   2   0   0   0   0   0   0   0   0 
  0   0   0   0   0   0   0   0   0   0   0   0   0   0   1 
  2   5   0   0   2   0   0   0   0   0   1   0   0   0   3 
  4   0   0   0   0   1   0   0   0   0   1   1   0   4   0 
  0   8   0   0   0   0   0   1   0   0   0   0   0   0   0 
  0   0   0   0   0   0   0   0   0   0   0   0   0   0   0 
  0   0   0   0   0   0   0   0   0   0   0   0
in-degrees
  1   0   2   0   0   0   0   1   3   0   0   0   0   0   0 
  6   3   1   9   6   2   1   0   3   0   0   0   0   0   0 
  1   0   0   0   0   0   0   0   0   0   0   1   0   1   1 
  0   5   0   0   0   0   2   0   0   1   0   1   0   0   0 
  0   0   0   0   0   1   0   0   0   0   0   0   0   0   0 
  0   0   0   0   1   0   0   0   2   0   0   0   0   1   0 
  0   0   0   0   0   0   0   0   0   0   0   0   3   0   0 
  0   0   0   0   0   0   0   0   0   3   0   0   0   0   0 
  0   1   0   0   0   0   0   0   1   0   0   0   0   0   0 
  0   0   0   0   0   0   1   0   0   0   1   0   1   1   0 
  0   0   3   0   0   0   0   0   0   0   0   2   0   1   0 
  6   2   0   0   1   0   1   0   0   0   0   2   1   0   0 
  0   3   2   0   2   1   4   1   0   0   0   1   1   0   0 
  0   0   0   0   0   0   0   0   4   0   0   0   0   0   0 
  0   3   0   0   2   0   0   0   0   0   2   0   3   0   1 
  3   0   0   0   0   1   1   1   0   0   2   1   2   1   0 
  0   4   1   0   0   0   0   1   0   0   0   0   0   0   0 
  0   0   0   0   0   0   0   0   0   0   0   2   0   0   1 
  0   0   0   0   0   0   0   0   0   0   0   0

No missing data for observation 1.

For observation moment 2, degree distributions are as follows:
Nodes
  1   2   3   4   5   6   7   8   9  10  11  12  13  14  15 
 16  17  18  19  20  21  22  23  24  25  26  27  28  29  30 
 31  32  33  34  35  36  37  38  39  40  41  42  43  44  45 
 46  47  48  49  50  51  52  53  54  55  56  57  58  59  60 
 61  62  63  64  65  66  67  68  69  70  71  72  73  74  75 
 76  77  78  79  80  81  82  83  84  85  86  87  88  89  90 
 91  92  93  94  95  96  97  98  99 100 101 102 103 104 105 
106 107 108 109 110 111 112 113 114 115 116 117 118 119 120 
121 122 123 124 125 126 127 128 129 130 131 132 133 134 135 
136 137 138 139 140 141 142 143 144 145 146 147 148 149 150 
151 152 153 154 155 156 157 158 159 160 161 162 163 164 165 
166 167 168 169 170 171 172 173 174 175 176 177 178 179 180 
181 182 183 184 185 186 187 188 189 190 191 192 193 194 195 
196 197 198 199 200 201 202 203 204 205 206 207 208 209 210 
211 212 213 214 215 216 217 218 219 220 221 222 223 224 225 
226 227 228 229 230 231 232 233 234 235 236 237 238 239 240 
241 242 243 244 245 246 247 248 249 250 251 252 253 254 255 
256 257 258 259 260 261 262 263 264 265 266 267 268 269 270 
271 272 273 274 275 276 277 278 279 280 281 282
out-degrees
  1   0   0   1   0   1   2   0   2   4   2   1   2   0   0 
  0   2   2   0   5   1   1   0   0   2   0   2   2   4   3 
  1   2   2   2   0   4   3   4   2   3   0   1   1   0   2 
  3   1   0   0   1   0   0   0   0   0   1   3   1   1   0 
  0   0   0   0   0   0   1   0   0   3   0   0   3   0   0 
  4   1   0   0   0   0   0   0   0   1   0   2   0   1   0 
  0   0   2   0   0   0   0   1   0   0   0   0   3   0   0 
  3   1   0   0   0   1   0   0   0   1   0   0   0   0   0 
  0   1   0   0   2   0   0   0   3   2   0   2   0   3   0 
  0   0   0   0   0   0   0   1   0   0   0   1   0   1   0 
  0   0   2   0   0   0   0   0   0   0   0   1   1   0   0 
  4   1   1   0   4   0   1   2   0   0   1   0   0   0   0 
  0   0   1   1   5   0   1   0   0   0   1   0   0   0   2 
  0   0   0   0   0   0   0   0   2   0   0   0   0   0   1 
  0   2   0   0   1   0   0   2   0   0   1   0   0   1   1 
  2   0   2   0   0   0   0   1   1   0   1   0   0   3   0 
  0   2   0   0   2   0   0   1   1   0   0   0   0   0   0 
  0   0   0   0   0   0   0   0   0   0   1   0   0   0   0 
  0   0   0   0   0   0   0   0   0   0   2   1
in-degrees
  0   0   2   0   0   0   1   1   2   4   3   1   2   1   0 
 10   1   3   9   9   2   4   3   2   0   0   0   0   0   0 
  0   0   0   0   0   1   1   0   1   0   0   0   0   1   0 
  1   7   0   0   1   0   3   0   1   0   0   1   0   0   0 
  0   0   0   1   0   0   2   0   0   0   0   0   0   0   1 
  0   0   0   0   3   0   0   0   1   1   0   0   0   1   1 
  2   0   0   1   0   0   1   2   0   1   0   1   3   0   0 
  1   0   1   0   0   0   0   0   0   4   0   0   0   0   0 
  0   0   0   0   0   0   0   0   1   2   1   0   0   2   0 
  0   0   0   1   0   0   0   0   0   1   1   0   2   1   0 
  0   0   3   0   0   0   0   0   0   0   0   1   0   1   1 
  7   2   1   0   0   0   1   1   0   0   1   2   2   0   0 
  0   0   1   0   4   0   2   0   0   0   0   0   0   0   0 
  0   1   0   0   0   0   0   0   3   0   0   0   0   0   1 
  0   3   0   1   3   0   0   0   0   0   2   0   0   0   1 
  3   1   1   0   0   0   0   1   0   1   2   1   1   1   0 
  0   3   2   0   0   0   0   0   0   0   0   0   0   0   0 
  0   0   0   0   0   0   0   0   0   0   0   2   0   0   0 
  0   0   0   0   0   0   0   0   0   0   0   0

No missing data for observation 2.





The mean structural dissimilarity value subtracted in the
balance calculations is         0.0035.



@1
Initial data description.
=========================


@2
Change in networks:
-------------------

For the following statistics, missing values (if any) are not counted.

Network density indicators:
observation time              1      2
density                    0.002  0.002
average degree             0.489  0.645
number of ties               138    182
missing fraction           0.000  0.000

The average degree is 0.567 


Tie changes between subsequent observations:
 periods        0 =>  0   0 =>  1   1 =>  0   1 =>  1   Distance Jaccard   Missing
  1 ==>   2     78963       141        97        41       238     0.147         0 (0%)

Directed dyad Counts:
 observation    total    mutual    asymm.     null
     1.         79242       34       208     79000
     2.         79242       40       284     78918

Standard values for initial parameter values
-------------------------------------------------

basic rate parameter net_M0             1.6946 
outdegree (density)                               -1.7797 

Initialisation of project <<./results/M1_final_s>> executed succesfully.
